2
2
6
11
11
11
11
1
2
10
8
2
1
5
4
2
10
2
2
2
5
10
10
11
10
10
11
11
2
3
10
1
2
3
3
10
3
1
5
5
4
3
2
10
1
10
4
4
10
3
6
3
2
7
4
10
5
10
11
4
4
2
11
10
11
2
2
4
4
2
5
10
11
10
11
10
11
3
4
3
2
4
2
1
2
4
6
10
2
1
6
10
4
3
2
2
2
2
4
10
5
3
10
3
11
4
10
10
11
6
10
11
4
10
5
10
10
11
10
10
7
10
4
11
10
2
11
1
3
1
10
2
4
1
5
1
2
11
5
2
10
4
11
11
11
11
3
10
6
10
10
6
10
4
10
4
10
1
11
11
4
4
5
2
10
2
2
1
11
2
11
11
10
11
3
10
10
1
7
1
4
11
4
11
5
5
10
11
2
2
10
2
10
3
6
10
10
11
2
1
11
10
10
5
10
3
10
1
11
2
10
4
3
6
11
11
11
11
6
10
5
1
4
5
1
3
3
11
2
11
4
5
10
1
4
2
5
5
5
11
6
6
2
5
11
10
2
2
11
4
11
11
10
4
5
10
2
10
11
10
11
3
4
4
10
2
10
11
3
1
2
10
10
10
10
10
11
4
2
11
10
3
3
10
11
1
10
10
2
10
10
2
10
10
10
11
11
4
4
11
10
2
2
11
4
1
3
10
10
2
5
5
4
11
4
5
11
1
11
2
11
2
2
10
11
11
10
10
10
10
11
10
10
1
11
10
2
2
5
2
2
11
7
4
1
11
11
4
6
10
2
2
10
2
4
